5.823848055345226271e+01	1.510769955066658454e+01
7.788446676408499059e+01	1.648346729916989162e+01
5.363419267103714105e+01	1.423883396652043842e+01
9.357684661774865731e+01	1.630031405153805935e+01
1.920910998726091989e+01	1.168865493362451069e+01
3.490441456929233510e+01	1.287770169819239108e+01
6.501091265267189101e+01	1.512885601001332070e+01
6.223928529075045901e+01	1.587350079400953540e+01
9.332872347307409200e+01	1.594529627733278510e+01
3.910445894427569158e+01	1.396642904288333042e+01
6.125024187716103086e+01	1.554792749409187813e+01
9.734124270345409968e+01	1.721843823511470006e+01
8.263798525140683182e+01	1.642058070159296790e+01
2.713667330926569932e+01	1.302115001643449865e+01
4.271644761924244449e+01	1.414158247673474023e+01
5.422101536813549671e+01	1.477584225952717922e+01
7.597713533013551057e+01	1.629278629721651583e+01
1.783734224686039127e+01	1.159837274899258119e+01
1.418879311335143889e+01	1.063511063582174998e+01
6.425140829735251913e+00	9.203429955299622378e+00
5.104531731285938179e+01	1.555445607971079802e+01
8.874836275100967953e+00	1.009076884598087887e+01
1.956519564555322077e+01	1.171675001888796785e+01
2.800664661272047695e+01	1.291434157260573734e+01
5.547324132856654444e+01	1.551789844798941331e+01
9.447815321538611499e+01	1.597898563925669890e+01
9.014061560583850508e+01	1.653013656915911511e+01
1.255411303251297639e+01	1.085128032949806354e+01
2.501307504519936131e+01	1.328060142384850195e+01
1.002835555985943472e+02	1.675610420170535164e+01
7.555709244103866240e+01	1.655583741765894246e+01
4.826753453659781457e+01	1.514315606679235948e+01
3.436804472985189562e+01	1.325095316154741099e+01
9.660188988802110543e+01	1.671375648192170615e+01
3.832340804085633579e+01	1.405170186270239974e+01
8.760451460512568644e+01	1.607653738495454476e+01
7.637258051608263543e+01	1.592907046426913631e+01
6.618654755650085519e+01	1.661027495302997181e+01
9.936646251050228784e+01	1.672569071658353224e+01
8.294246510478693324e+01	1.680876927622102102e+01
9.646400148977942024e+01	1.694096697272867402e+01
7.112090047159224326e+00	9.390460592896172187e+00
5.873004371038933868e+01	1.532002806463450639e+01
5.636747018456166813e+01	1.611521123050849624e+01
8.869548898756890765e+01	1.561538172964500859e+01
5.520300769954543085e+01	1.518857667296650860e+01
5.586340445533053867e+01	1.612483147264290650e+01
3.221220589640196152e+01	1.253002862188536248e+01
9.049157770022520708e+01	1.736512481290593968e+01
9.754552533718980101e+01	1.661808435918214144e+01
8.847215057597946952e+01	1.642838769901425167e+01
4.823175442870997642e+01	1.510148028556095667e+01
9.488449957084098685e+01	1.715402764562190896e+01
3.422180022657845910e+01	1.322218491542580487e+01
9.773716705567612451e+01	1.673518917833292363e+01
1.269115413589208607e+01	1.204611409237638853e+01
1.744381612338840526e+01	1.180017753543862646e+01
3.624034788378405381e+01	1.455251018118818784e+01
1.051838860398473940e+01	9.633866553278743083e+00
5.563036371073130937e+01	1.540497993618108730e+01
7.489979179952115373e+01	1.593079898225945534e+01
2.702388486631538100e+01	1.423305802713305468e+01
1.335783601497635686e+01	1.124877488911252854e+01
5.927832681814687277e+01	1.555782681903016496e+01
4.738909301961274423e+01	1.441654304881845050e+01
2.568218437220325967e+01	1.330274046508160879e+01
1.058077705939137658e+01	1.036921501092326992e+01
8.210514035809168831e+01	1.597194078860828803e+01
9.666984565563499388e+00	9.620661838891624740e+00
9.258673182021205150e+01	1.646284393857543549e+01
5.546634282820100026e+01	1.527537578908332350e+01
5.305463992687547403e+01	1.530364077013859969e+01
3.489676076751131006e+01	1.389204858987307034e+01
7.676769826413097064e+01	1.707642172582284346e+01
5.905042163194591609e+01	1.561573944741325981e+01
6.126501110449261489e+01	1.514032285916685083e+01
5.321862650926701832e+01	1.532620839601926299e+01
7.839678854092684901e+01	1.660947416344034622e+01
6.241887688901083209e+01	1.594226199381166609e+01
9.457226712521719492e+01	1.779749555022089424e+01
8.298905539919132934e+01	1.556420620987768721e+01
8.272376778868130387e+00	1.000535222185468953e+01
2.286813536433859984e+00	7.793456347217451174e+00
6.409279565314380989e+01	1.570240256351280372e+01
2.542208240405773090e+00	7.185295641095610364e+00
2.269163443755962106e+01	1.123687236464838790e+01
6.408054680186943131e+01	1.541131933544390265e+01
8.271720264028193981e+01	1.697878402225853023e+01
3.121018446033450289e+01	1.282099805236060241e+01
2.287207714311237439e+01	1.236836741850543575e+01
4.414338267809369398e+01	1.406877345206283003e+01
6.752296563849988331e+01	1.577065391326151378e+01
5.761321967549720569e+01	1.580820691424102797e+01
3.409109246586246655e+01	1.360562537481236589e+01
4.796240031258194847e+01	1.548499038472404798e+01
9.839283277134701677e+01	1.652521758842704003e+01
2.961178006187807910e+01	1.302392712070033198e+01
9.304569608563769023e+00	9.418858667361746484e+00
6.375746931550650487e+01	1.566887972979480992e+01
2.647826280227759810e+01	1.222659343348843564e+01
4.106374201850768912e+01	1.454042951339130063e+01
5.065129008983026537e+00	8.178746035424010685e+00
7.257967746192183256e+01	1.604754424849546979e+01
9.597966783039422012e+01	1.638771669099691408e+01
6.973162656656847957e+01	1.550560564316525713e+01
1.040948698352443103e+01	9.862938881355255205e+00
4.240299540491683672e+01	1.355851462020277332e+01
7.181475576483458667e+01	1.608578102811278043e+01
3.588744014718506037e+01	1.475332670692778336e+01
2.124644165832244624e+01	1.151825890456598422e+01
4.476504063983433213e+01	1.440930687287260881e+01
8.701257826652730287e+00	1.036328106809647309e+01
2.386226894929846409e+00	6.775904336752341273e+00
8.591937006379762920e+01	1.697286724491496201e+01
9.202395732466115419e+01	1.650112400952881941e+01
9.017930263348370090e+01	1.655666868470308728e+01
4.157383295160277470e+01	1.476100987452730173e+01
1.822387450357819105e+01	1.192272453654788755e+01
3.364061396796784464e+01	1.355985159857577393e+01
2.373527840718054449e+01	1.320862779180578350e+01
3.777613604257054902e+01	1.322412947411875450e+01
2.594041690135649958e+01	1.290483522026546659e+01
1.822636540869531885e+01	1.188691933907953313e+01
5.248834833906587960e+01	1.533023095462334595e+01
2.899787870866787998e+01	1.274352802300079013e+01
5.951999317468707318e+01	1.596430248843248201e+01
9.551625927595978283e+01	1.692733910672644981e+01
2.780258763602848049e+01	1.304324378240950999e+01
3.441369625236101371e+01	1.334832840760777017e+01
5.944925089559788489e+01	1.646353769823333835e+01
3.231143817479134839e+01	1.301395912226675122e+01
3.417808168950310943e+01	1.321294565952536182e+01
1.914711361535222167e+01	1.185680170838566028e+01
9.865977774819252488e+01	1.601293267679697152e+01
7.636820446213953062e+01	1.593089775455975499e+01
7.460335465949361833e+01	1.717935908476209050e+01
1.094575392578230932e+01	9.926835550683742682e+00
1.571748574853576130e+01	1.139125243935543530e+01
1.818039483653328148e+01	1.134340547549504841e+01
5.634127858986732917e+01	1.534390716271310495e+01
2.092045808917551497e+01	1.193155646243772416e+01
9.611292486508195054e+01	1.713030879366389669e+01
2.648278249964867115e+01	1.225139242216616076e+01
3.239753117910151303e+01	1.407633275533617123e+01
2.198305279254238798e+01	1.269395474087816922e+01
4.550526950362142742e+01	1.467054632403005598e+01
9.047110733283092543e+01	1.632964359473701066e+01
3.355309049887765838e+01	1.387811651721982997e+01
9.148195179864097781e+01	1.645212014531311695e+01
9.243587955814609458e+00	9.910185596141708686e+00
4.078484853694336465e+01	1.490021238294046491e+01
4.294329919152199437e+01	1.438839551298292463e+01
1.338529786237775632e+01	1.176432244971487329e+01
1.249984407550875432e+01	1.016012845560391220e+01
9.155795547399074508e+01	1.768163101491914801e+01
8.484494983054463546e+01	1.628744507151057874e+01
8.973348559949329228e+01	1.700155772139697063e+01
8.222490698373523799e+01	1.596475237928836854e+01
2.650758541372396948e+01	1.309406032402574205e+01
4.891275273522179390e+01	1.513657572209172564e+01
8.186970004857047911e+01	1.654354491005582162e+01
8.008654053117544436e+01	1.588400752853965514e+01
8.670351558097047473e+01	1.607417819453130292e+01
8.357317368523433743e+01	1.618481227287167101e+01
1.920761528840274579e+01	1.165688727970017524e+01
7.234053528357223684e+01	1.581969474182536750e+01
6.870801554460673799e+01	1.671514308127384041e+01
7.094686758326997733e+01	1.623811693640913134e+01
4.066912318335996090e+00	8.379766028419863844e+00
3.055535548931300749e+00	7.170485222347610765e+00
8.147054514457846608e+01	1.619210266248754237e+01
7.608112230933208764e+01	1.660910140330469886e+01
5.820653586235289723e+00	8.828724349058347798e+00
4.196464801968928526e+01	1.477927605395162836e+01
9.386448889343739665e+00	1.134762268685331499e+01
8.696404818379402712e+00	9.875879253185809503e+00
4.864476005301780503e+01	1.490220269988414081e+01
8.508079206276089934e+00	9.979559710365331071e+00
5.585698035742479561e+01	1.418483311000973401e+01
9.057652064502219957e+01	1.660164706528432887e+01
4.977291314532922506e+00	8.265648900906992225e+00
5.314404777341945874e+01	1.504508642278256048e+01
7.300755350026727797e+01	1.622185628030211291e+01
9.331347245010121583e+01	1.668582121862770151e+01
4.652251920764891224e+01	1.500589552863812948e+01
7.614958872668563572e+01	1.626253637638476235e+01
6.450396057540287131e+01	1.603374707744416838e+01
9.710874916773984467e+01	1.709301068097433429e+01
2.214070601172038266e+01	1.212266923356818538e+01
7.848776410698997097e+01	1.555207634274157513e+01
7.006649642044949644e+01	1.663968316881937071e+01
3.443535022473913898e+01	1.431913706543631370e+01
1.607487966085139064e+01	1.159870068784412922e+01
9.279667906880838757e+01	1.746885863900250868e+01
5.580194016247029509e+01	1.524912261568667482e+01
8.336481751338448021e+01	1.584201326055457848e+01
1.271364127081263362e+01	1.071560894107091677e+01
5.273095709860031377e+01	1.521500897590264323e+01
9.967555224772206657e+01	1.758875320186560742e+01
7.648093378556846744e+01	1.665009326685980540e+01
2.389788716821297143e+01	1.209536415446042490e+01
1.879127325537661264e+01	1.224629483106975059e+01
5.353707813221859624e+01	1.545660679642782576e+01
4.357330411690819716e+01	1.435831157728394381e+01
4.830634145191850592e+01	1.521466531238808884e+01
4.553562977493525210e+01	1.533100461341422083e+01
7.391870313232716683e+01	1.507745705880684461e+01
1.497824114270550666e+01	1.057878221383131390e+01
7.488404165604899276e+01	1.545114300919424366e+01
3.692870394918529087e+01	1.414812710197520218e+01
2.079664503264366004e+01	1.159536252937717471e+01
4.228266415050009641e+01	1.398083296381617835e+01
2.546255109326165567e+01	1.361255176727062732e+01
1.563905569631540793e+01	1.154319982515890253e+01
3.659043596887287464e+01	1.310203628199574055e+01
6.517216480460821515e+01	1.552858659733677094e+01
2.754982145061070398e+01	1.322791247168825812e+01
5.449744253216233858e+01	1.494028967067848335e+01
6.824904280126538936e+00	9.209357570025915152e+00
1.056430107553698683e+01	9.907204923826686382e+00
9.622194417033551872e+01	1.756991824608291353e+01
2.639364005451133810e+00	7.150524376908518498e+00
2.415753615009962374e+01	1.223370106894307696e+01
2.004854564605466649e+01	1.211248247421299062e+01
3.403053470832193028e+01	1.408303857578098750e+01
4.320224564073813411e+01	1.447824688094086909e+01
2.245752747974230701e+01	1.326173696973780025e+01
8.368948858087519227e+01	1.634853397083742976e+01
5.108305591979764415e+01	1.465273784607020069e+01
2.129130102847841499e+01	1.275787564979556699e+01
4.128749471636238155e+01	1.395692233928161308e+01
7.012639822848383631e+01	1.514201165015768424e+01
5.297111015916279086e+01	1.619062512854717895e+01
7.526936684225054819e+01	1.645249962068333005e+01
6.643268898762647368e+00	9.249583737046316756e+00
6.121231749843340708e+01	1.629274668372648094e+01
2.876969729383174013e+01	1.393525245233445098e+01
3.490538268347678041e+01	1.449945603485846313e+01
4.140206667114533445e+01	1.404578713281726010e+01
7.514072783532643030e+01	1.594025967386711429e+01
9.709268766508208159e+01	1.533105874895152354e+01
3.779903959703396055e+01	1.427934205499826703e+01
8.924731740715706962e+01	1.619530408894830131e+01
4.624124012914310811e+01	1.406805801577518800e+01
3.357176730934200748e+01	1.427977655316433214e+01
3.927398816630720546e+01	1.474365964256533523e+01
1.255453849214076278e+01	9.869374770192711921e+00
5.104416496128929737e+01	1.457828340835652448e+01
3.844511520593184173e+01	1.429387754816002953e+01
7.069014710891228503e+01	1.561332440456509296e+01
6.430707230825188958e+01	1.543710400449104014e+01
1.671202310595299778e+01	1.165943188088659177e+01
5.848130149651719734e+01	1.541475129480937944e+01
2.126665779787884958e+01	1.113244696582546389e+01
3.063329321546497397e+00	7.771348556134035412e+00
2.024029700940282694e+01	1.176509369056318910e+01
6.627689545449796071e+01	1.632005680563428740e+01
6.945509427490596011e+01	1.674098971189898677e+01
8.971701055085156895e+01	1.747809265786388266e+01
6.888708914221527380e+01	1.634106155860678911e+01
9.836237457518544147e+01	1.747951804570377732e+01
8.503664012637412384e+01	1.678874851927131218e+01
8.324632791819610134e+01	1.608116258187309455e+01
9.053477448000002425e+01	1.695796373908803645e+01
4.315628098262767054e+01	1.479582458988449112e+01
4.123680500612763922e+01	1.438774402249067208e+01
8.525178492600385027e+01	1.761603582335050433e+01
8.485815417003886196e+00	9.825261262285634345e+00
4.189832872237467853e+01	1.429101147798150073e+01
5.702752655747006294e+00	8.651002652467871812e+00
5.942342199725980123e+01	1.625844047393209735e+01
6.574602699706863973e+01	1.626210435205349469e+01
6.031352995216610680e+01	1.582749471682997466e+01
2.803760897367369154e+01	1.388160473657883998e+01
3.013475355747091911e+01	1.346946071034826176e+01
6.802481678342375915e+01	1.562892067123049245e+01
7.862379791277540164e+01	1.656962792011783847e+01
8.416259556704599731e+01	1.621402044645735785e+01
5.142769318006940438e+01	1.567442890410641176e+01
9.320522092243793111e+01	1.738484659986403003e+01
6.848419452167061650e+01	1.589778808571086444e+01
1.981360678526690222e+01	1.251349555453944973e+01
3.076836323210762814e+01	1.303996699128563108e+01
3.535897506522253764e+01	1.305249131736374224e+01
1.878658768166237891e+01	1.115035888399136610e+01
4.751739731434190617e+01	1.446731009785867705e+01
2.624387863606203908e+01	1.234551080437402248e+01
2.942383330326473256e+01	1.329065039696172690e+01
8.534928038173168829e+01	1.652092711039278328e+01
2.140935255824711447e+01	1.258302266019030036e+01
9.379308289788885133e+01	1.677026427865451907e+01
8.545265056104541657e+01	1.690244143779199604e+01
2.850256218513298734e+01	1.320521784981490754e+01
9.944632064660025605e+01	1.708396854175595436e+01
1.248235699470104443e+01	1.074444841400999806e+01
1.727135994188459733e+01	1.230853956751439249e+01
3.638912973440950793e+01	1.395205229834848737e+01
7.038389840049283919e+01	1.571016088697673929e+01
5.583752687992576114e+01	1.550546507289799436e+01
6.043119980773812472e+01	1.642285989509943889e+01
9.916203873434058380e+01	1.660921825024777831e+01
4.902269561588330049e+01	1.548950027740496260e+01
3.249619579875081854e+01	1.322122025617461105e+01
4.607277862532679791e+01	1.487993172160954991e+01
7.004897650018058641e+01	1.658196563570548676e+01
2.426408811449126190e+01	1.144592472161518337e+01
7.763079255453575467e-01	6.136945720095821954e+00
2.809405506503880989e+00	7.111494391651255853e+00
5.648143579255948055e+01	1.587975078278848251e+01
2.256679566642503243e+00	7.311916411955575512e+00
1.937239011854512682e+01	1.181272570958243229e+01
2.223099864331396347e+01	1.259756281632200547e+01
8.577919670308573075e+01	1.660935797821505844e+01
9.429582179815687937e+01	1.629271466995787421e+01
8.446916466865161510e+01	1.701419856161517430e+01
6.511186948134321995e+01	1.664401213809231805e+01
7.994802674484436977e+01	1.700735501290042961e+01
6.758572391258260836e+01	1.553260537424845289e+01
3.448088321325791128e+01	1.349097482588923747e+01
9.375247177606931359e+01	1.665103903877798075e+01
8.112977908445922992e+01	1.665469549889530398e+01
9.947270290081964106e+01	1.679760670451761229e+01
6.733723106423946092e+01	1.587720077472602398e+01
3.664088664844538101e+01	1.366848655808181334e+01
7.734588583175822407e+01	1.617173975000178388e+01
9.430655577225948605e+01	1.685501612949210326e+01
2.915186832795211913e+01	1.304197711511067581e+01
5.816496686505666958e+01	1.478559029479258591e+01
2.316212629510791743e+01	1.285089397204729522e+01
5.466612803541332610e+00	9.363141075401236080e+00
3.880403571277688979e+00	7.878980622484916374e+00
3.363131152922215961e+01	1.404973318014665296e+01
1.055629910196544330e+01	1.012886679034129500e+01
2.702970300530046899e+01	1.306988024040936303e+01
3.917910446132262337e+01	1.425565700174212047e+01
4.312186920376208832e+01	1.385172060116655146e+01
6.125616318963993479e+01	1.588840481612856870e+01
6.171176070708644801e+01	1.642174435238321450e+01
7.889354839555933552e+01	1.642229065976220070e+01
9.149909162624790326e+01	1.730426363398723666e+01
2.984121619662256464e+01	1.229860563978520638e+01
8.376821873613414482e+01	1.630113319716295450e+01
2.605153742665057948e+01	1.301616862851387069e+01
5.716974511951504923e+01	1.559033373782984810e+01
9.577810413991822713e+01	1.694140574352448425e+01
3.086281902887018447e+01	1.346510871075803806e+01
7.880951633346521135e+01	1.760267520550250353e+01
6.826451074652501916e+01	1.579448486790344219e+01
8.436570419322008263e+01	1.695059148461799481e+01
5.639500018949479276e+00	8.892901115149236091e+00
8.754323732330992414e+01	1.631235630339112674e+01
3.809336363053044039e+01	1.451640655618634845e+01
7.822945966365058723e+01	1.621370048389649554e+01
4.461771614664047547e+01	1.465980073109927240e+01
4.597605310224344066e+01	1.441517408408744139e+01
4.478961619470352673e+01	1.395288361769651964e+01
5.036643997296359032e+01	1.543422116765162144e+01
1.417423687018510492e+01	1.132430155601107202e+01
7.756147148587068330e+01	1.677027881455162728e+01
9.717719269395692550e+01	1.634861851470198246e+01
9.645498204618914428e+01	1.733879491928621519e+01
3.625971018120441158e+01	1.391438951352850495e+01
6.627863924642423399e+01	1.595815502848435763e+01
9.325108866811335417e+01	1.699676104677256561e+01
4.858146472753290368e+01	1.463273235221415725e+01
9.987580229167299706e+01	1.658169302878216200e+01
8.844412867226785124e+01	1.636148741454097433e+01
9.626045639586420677e+00	9.795394342326254389e+00
2.672264904976220734e+01	1.270900370620352682e+01
6.197603423524803645e+01	1.503281224598458188e+01
5.838010792620358558e+01	1.512436646907764093e+01
9.582411339097058089e+01	1.606582396896940779e+01
9.274665282567043789e+01	1.686831907768986127e+01
8.397259493419831244e+01	1.569321802282301448e+01
8.367940480451362362e+01	1.643128259479408726e+01
2.238715640943955165e+01	1.271613651752428353e+01
2.779713721250647396e+01	1.279729442122277128e+01
2.172576114592265739e+01	1.168920557970991148e+01
4.308534447549430979e+01	1.369940397185581737e+01
2.158872298108414611e+01	1.240862370580805951e+01
3.130554741397230245e+01	1.462512337507073390e+01
1.289121716609129997e+01	1.014312685808089931e+01
3.976409446340775844e+01	1.383358910106566064e+01
8.813854311112194750e+01	1.681052169249889516e+01
4.116958785552364475e+01	1.397488252133804920e+01
8.693171765837638532e+01	1.622226008646566342e+01
2.552277286165602632e+01	1.255148436128708234e+01
4.166432325560923289e+01	1.461198331598841804e+01
3.855745982790643467e+01	1.462217694275029345e+01
6.526445176113620050e+01	1.547429256167074918e+01
7.934405433833728694e+01	1.657372458331495579e+01
9.472718217404059260e+01	1.648490618731672086e+01
2.955402234060376543e+01	1.276178715253852758e+01
9.033368305279562094e+01	1.661490170598980853e+01
5.129060472229674161e+01	1.455284010088207758e+01
5.446139471777147634e+01	1.516606157214789086e+01
1.285499159397606839e+01	1.107238446555392031e+01
8.973012112155490172e+01	1.698937994501533311e+01
8.063628903056779507e+01	1.645585736248122899e+01
9.190648096708505932e+01	1.693439043946854738e+01
9.869447927366509532e+01	1.659334716320945802e+01
6.634890557982261328e+01	1.554006103605911626e+01
3.365800840482636147e+01	1.412785895752679188e+01
9.375536642599880111e+01	1.715800368847150992e+01
1.464065450562609350e+01	1.019117477695027496e+01
1.003301623209577258e+02	1.644489414600145594e+01
8.174182925447694004e+01	1.617789703182112149e+01
5.279222564142901319e+01	1.474311748488297802e+01
6.767205573414024400e+01	1.603098896662296724e+01
4.671336327177435521e+01	1.436223061693583070e+01
6.464441646292601718e+01	1.546943200464427548e+01
9.263015656615766602e+01	1.600319329315976447e+01
1.950896024073327339e+01	1.103259238008923937e+01
5.417719472053272511e+01	1.472205879851178345e+01
6.557658195760005526e+01	1.631111100050479479e+01
9.547084876979657508e+01	1.741572597413892254e+01
9.802653098610869620e+01	1.708865775764238748e+01
3.615365861246188928e+01	1.443226987219861890e+01
6.470061906056903567e+00	9.448650047630970050e+00
1.335499654864634422e+01	1.039674838313997007e+01
3.019684613465035028e+01	1.379990955725666701e+01
6.923263580556464092e+01	1.665756780611803123e+01
4.378441730572662038e+01	1.472727268627065556e+01
6.833311061169108314e+01	1.594711262470207913e+01
7.769633930505690955e+01	1.653976978365330197e+01
3.169499103498554504e+01	1.326841974923389422e+01
7.840871299196695077e+01	1.571574333895543241e+01
4.521626354094455280e+01	1.466544827811560836e+01
7.770814607707664834e+01	1.558897262035405973e+01
8.972074023208239879e+00	8.910887090744244787e+00
9.115341374667654861e+01	1.524191454891974828e+01
9.783275006057309042e+01	1.665785207592611528e+01
5.719181141980710947e+01	1.545775155798720135e+01
3.264551214295386217e+01	1.366637481555850364e+01
7.898066264159380978e+01	1.688431439977845727e+01
3.674789918284086099e+01	1.381587448614301117e+01
4.348969870860954501e+01	1.437517479166739243e+01
3.524530961549350394e+01	1.385043012210447699e+01
2.479564122129325554e+01	1.262962641763459359e+01
3.458477771581900129e+01	1.400413927412168036e+01
8.232668640520338954e+01	1.690283701388514004e+01
1.757772200429988496e+00	7.198285489916253610e+00
9.384692559316891902e+01	1.626005459397464037e+01
1.500717836050762344e+01	1.127237344029155253e+01
1.656997600610633725e+00	7.264933724069258858e+00
4.549965360210194376e+01	1.464867928216581738e+01
4.000443158871333793e+01	1.444311245185201287e+01
8.294900056923052034e+01	1.664214918630106865e+01
6.205135707144632562e+01	1.577051204909371762e+01
9.315240056074313202e+01	1.570753144847192573e+01
7.854029928875860378e+01	1.645681094700591274e+01
7.500884646846276382e+01	1.555394311746872660e+01
8.774866135825472213e+01	1.570157332460138733e+01
7.246369367715583110e+01	1.562766509436875673e+01
7.175415030428730745e+01	1.607780903947336881e+01
8.384754395379293612e+01	1.724670756665710769e+01
3.634574161339925524e+01	1.385793440001177501e+01
2.519853079070702861e+01	1.387782312205002455e+01
2.656830211466008507e+01	1.246849757248004131e+01
6.639590052748623350e+01	1.531195626681973643e+01
4.252422107548184016e+01	1.473145345905800596e+01
8.976484201489785164e+01	1.574702782392297706e+01
1.538950032630223319e+01	1.191175717919111676e+01
7.482415135526440508e+01	1.658058424362380734e+01
3.129260959540582476e+01	1.295590819060821985e+01
4.807197293194293763e+01	1.538182001110010866e+01
6.896927032646604516e+01	1.624467792488573892e+01
2.660495565418312935e+01	1.273003498373316944e+01
7.212572293637657594e+01	1.596990458588121875e+01
6.875750067326214321e+01	1.592507824383057446e+01
2.597135916700359459e+01	1.380026270982459735e+01
8.568642407407020301e+01	1.612789563332479048e+01
9.706618531122948923e+01	1.647979525186865146e+01
6.498841389898953480e+01	1.620764539332306242e+01
6.784111821486136762e+01	1.610538090745277984e+01
3.725828075005153295e+01	1.423868402792093235e+01
9.839920131964291272e+01	1.666947758147879810e+01
1.548838113000683414e+01	1.153407551434322542e+01
9.259422628112882592e+01	1.746588296826386966e+01
3.750687254248193625e+01	1.428221062729455326e+01
4.550672883658508994e+01	1.363458530634809840e+01
3.882080438443430381e+01	1.389320486959799439e+01
9.873403621710507139e+01	1.624986873801067944e+01
9.513367295554340330e+01	1.730053109611068507e+01
6.355194345407944212e+01	1.579539959595730103e+01
2.594241764429213504e+01	1.256424313149014260e+01
3.867755562005575598e+01	1.447015049579164270e+01
1.404722171103164996e+01	1.166798562349035251e+01
2.296238660334336146e+01	1.365905411699831440e+01
8.980633194831561639e+00	1.018390071633049843e+01
1.432847939679198213e+01	1.121471674639196436e+01
9.351363398599886523e+01	1.755054451355904632e+01
2.171625490664350977e+01	1.241885250353170633e+01
8.577794331468554390e+01	1.659973359198083998e+01
7.055666769619470813e+01	1.602153880078081372e+01
2.374840151949679878e+01	1.265411988444671820e+01
4.986702246177565456e+01	1.492129731317405117e+01
6.474593123014601659e+00	9.325851515109183865e+00
6.476469289284828790e+01	1.586645622516991061e+01
8.981171619016677710e+00	9.667821949691864702e+00
6.602098893886090991e+01	1.632252689041624194e+01
8.088194355207301101e+01	1.676902119377568923e+01
7.600147499889298786e+01	1.606868695511588285e+01
8.820472454450313649e+01	1.649467516075591433e+01
8.790802355143314983e+00	9.717121743782614729e+00
2.978167040737670490e+01	1.298609462479144661e+01
2.583913783915787121e+01	1.329238756753722228e+01
7.370994395186582437e+01	1.596893681525967068e+01
1.158444268892686857e+01	1.045339070790664415e+01
7.499552994619180879e+01	1.694368119934723893e+01
4.767444662628126828e+00	8.414732014390201797e+00
7.392200936030823755e+01	1.605761861880262131e+01
1.426987448846363904e+01	1.043035287756125662e+01
6.406722771443298825e+01	1.569114164187110205e+01
5.922764250256528129e+01	1.517119922967701484e+01
6.168704389407747790e+00	9.362465271837459468e+00
8.892396744698704936e+01	1.723528627232952459e+01
4.156269499930316158e+01	1.373793084019027688e+01
8.484970026484047878e+01	1.602255410400977098e+01
8.823474338191678612e+01	1.621495167377365121e+01
1.010764588996708468e+01	9.343199373406282149e+00
5.214554732046331509e+01	1.460489079194119633e+01
6.588230775099506786e+01	1.589968213880518100e+01
8.905714228297408397e+01	1.669234254992979416e+01
6.564815680524024799e+01	1.479542117474050755e+01
3.130425987201658344e+01	1.408342291761073284e+01
4.950971020501988562e+01	1.485087279423566109e+01
3.188503193417927317e+00	6.970022564900114403e+00
1.553806836080356746e+01	1.098031577485825316e+01
7.308828881146996537e+01	1.545190884439171164e+01
5.285353885375032945e+01	1.557010602180315928e+01
2.516380528312178200e+01	1.289733630876377823e+01
5.998544534426870456e+01	1.570538044916623477e+01
9.046434245532752527e+01	1.687831723489624380e+01
4.355319934273086346e+01	1.394124144841496360e+01
6.979829311329196173e+01	1.601313682241621450e+01
3.509598082808622621e+01	1.362290041330668267e+01
5.833237031352423685e+01	1.574367420260509931e+01
1.275258287706739679e+01	1.162897398576863850e+01
8.506088266419577337e+01	1.665503401094509428e+01
7.354214889572379832e+01	1.611526784422914815e+01
7.499065107774630690e+01	1.694119967124590431e+01
1.012969099308819487e+01	9.217593633131835773e+00
3.437156971081063972e+01	1.423145082466402833e+01
3.944439926526832352e+01	1.368438085533403914e+01
3.403320219022566562e+01	1.346048300702582701e+01
9.330073947066509277e+01	1.748401402848955399e+01
3.178896878315940810e+00	7.881105399109977760e+00
7.116664035552649636e+01	1.622764052966019221e+01
5.252669972617315608e+01	1.470698505088747510e+01
1.865839534547716028e+01	1.222471777540638449e+01
3.860556832119085158e+01	1.458466222420971725e+01
8.698871579245663099e+01	1.628813516007257078e+01
6.521717573706249027e+01	1.515177625576677123e+01
5.998819593799439787e+01	1.562640608597821767e+01
5.803646683141330698e+01	1.578767306372984436e+01
1.239607408029221425e+01	1.035956319999662512e+01
6.494385437307568054e+01	1.640120369229209274e+01
2.784633332512716919e+01	1.357048819974233211e+01
2.485846033511056064e+01	1.205006774414720638e+01
7.838736843902779583e+01	1.531123294552598324e+01
7.386706009600504785e+01	1.614991732673337665e+01
8.574598622721129004e+01	1.687236941609458185e+01
4.165742770796369143e+01	1.428263921823748817e+01
6.491673842677201378e+01	1.601734977689294226e+01
5.710668291972131527e+01	1.478692194430147033e+01
9.812262764295142858e+01	1.596592730212188549e+01
7.409559436746302197e+01	1.573306249873095375e+01
1.706751558731258811e+01	1.043412280913084444e+01
1.974879754437590762e+01	1.259239661047528180e+01
5.973462854489645224e+01	1.515648084102810245e+01
8.409595263317442004e+01	1.579901309249710195e+01
1.930430877055590599e+01	1.173890635897036461e+01
3.256486868129313450e+01	1.310291067228050110e+01
7.728926145716128815e+01	1.670508944221196401e+01
9.725927254490451901e+01	1.625646470937610388e+01
5.184592797008107823e+01	1.475285838961293727e+01
8.678099151412166634e+01	1.659808636841386331e+01
7.339766140439107289e+01	1.714496187381255154e+01
2.725732411397360444e+00	8.070107076211730401e+00
2.829467682037209286e+01	1.381670950589444757e+01
7.177329926347138667e+01	1.578754974257485522e+01
8.926500076287562990e+01	1.780491535690149618e+01
4.548172189330181681e+01	1.587904369865652576e+01
8.998967868285674854e+01	1.614913312549448676e+01
1.809520872083550280e+00	7.425147461484296940e+00
7.506598603518827417e+01	1.630651118355271834e+01
7.753954591451028477e+01	1.668131921310149934e+01
8.817123623852265268e+01	1.585543722685788204e+01
6.635466047923878818e+01	1.633927635979785364e+01
9.640316390430077931e+00	9.828091653095555102e+00
6.689663418876072853e+01	1.657098057705406902e+01
6.261416597658227090e+01	1.529932174554788027e+01
1.124550757265908629e+01	1.089502102119149463e+01
2.800908895454110592e+01	1.292373071779462990e+01
9.027031420580793508e+01	1.574346111429514394e+01
1.683008447589808299e+01	1.251216544082296345e+01
8.507123259754695255e+01	1.532547245971357519e+01
8.632740189674665032e+01	1.722084187749915785e+01
3.504421604816175062e+01	1.422299049878186494e+01
1.140330830870952639e+01	9.343781486979555240e+00
5.461284748439038594e+01	1.548862661925063300e+01
8.843436567657496994e+01	1.671816432527803187e+01
4.235942300064942145e+01	1.490748697606500883e+01
7.435238958892209382e+01	1.621843001197686007e+01
2.128573190231916357e+01	1.228843116379959532e+01
1.610049628559495716e+01	1.178670949149228697e+01
6.545956715086929023e+01	1.504213054823243034e+01
3.978810518092459603e+01	1.386019678288755408e+01
4.493477339044773800e+01	1.476404622647014442e+01
4.628455309171898335e+01	1.466652576474679748e+01
3.215549939845396921e+01	1.236498406998994071e+01
1.261954474876217702e+01	1.026093712940002511e+01
8.140188355422240818e+01	1.671080652944422695e+01
1.359770723685767102e+01	9.659609617398396963e+00
8.844857340709674531e+01	1.582651018733694670e+01
7.342328913214765862e+01	1.634814890093916873e+01
3.403328215437930737e+01	1.305467122371528177e+01
7.626790523376651265e+01	1.550488580103234248e+01
9.113436204164206345e+01	1.614870191439282721e+01
6.361166774927386314e+01	1.617295406704915806e+01
4.525405591127889693e+01	1.426417641628216693e+01
4.304336402377826687e+01	1.477479517477041604e+01
3.632963835810762276e+01	1.310515600807433501e+01
5.935441001245325587e+00	8.328818892118192707e+00
5.608765821541059182e+01	1.522591260415915748e+01
6.306636563835456144e+01	1.576577586588589419e+01
5.584332446452628318e+01	1.515892409615609893e+01
1.872662762586214313e+01	1.237093172413372244e+01
1.864408557470848393e+01	1.221128273450024793e+01
6.359360011122735301e+01	1.607999787636258304e+01
8.185945781436431901e+01	1.643236781230259780e+01
7.626479048470692135e+01	1.619749131741059855e+01
5.611158649173578539e+01	1.456875554936618755e+01
8.679143241599351200e+01	1.613595253125975759e+01
9.229622514439923009e+01	1.770532206090180694e+01
1.271338945062863246e+01	1.050050551414832967e+01
6.861565625117947320e+01	1.553016688084553643e+01
7.121335559442641738e+01	1.593444656205453391e+01
7.149971653177330211e+01	1.585363007899489318e+01
2.954794742446797429e+01	1.266920841301404366e+01
1.845473323764815987e+01	1.194205245151677275e+01
3.648585343160221584e+01	1.408772592856359829e+01
1.648708702125724201e+01	1.124291477324480404e+01
7.345620473529199046e+01	1.631961804977720831e+01
3.151298684540649120e+01	1.216238003643423049e+01
9.173335668432417833e+01	1.634132638232765089e+01
1.797326403046830023e+01	1.228567290960794978e+01
6.927450626449895310e+01	1.561107765732894137e+01
5.229819232414604357e+01	1.567237028902691343e+01
5.630467700052955138e+01	1.610177559766082211e+01
4.700225271482218403e+01	1.478142516497535119e+01
9.419863805059884498e+01	1.653079309306672684e+01
8.397662357237210529e+01	1.605700428465890539e+01
1.571879994055681706e+01	1.068454485574797452e+01
7.403170297937482758e+01	1.620419966561765435e+01
7.996220187490338560e+01	1.663332879870351988e+01
1.877637921052358605e+00	7.580271984247980654e+00
3.933042133280313379e+01	1.368144004929380131e+01
8.359232829705214840e+01	1.607708294290756967e+01
7.473958121708719204e+01	1.570787847128098136e+01
4.198319987094745898e+01	1.412337587544938700e+01
9.873660065210712844e+01	1.709417216432006370e+01
6.712300929170413610e+01	1.640138537737493962e+01
7.535930818475857507e+01	1.619760538072394240e+01
6.332096751520889200e+01	1.560632501935670469e+01
3.837422389027568936e+00	8.215761505278962318e+00
2.923071523329628008e+01	1.401209353851649198e+01
3.755179863885519609e+01	1.365680246010661314e+01
5.679841512222823852e+00	8.752714419995104578e+00
2.827814468604182707e+01	1.303025482076755459e+01
1.574696592601635992e+01	1.068482626683817394e+01
6.457432014710754231e+01	1.643038189188376919e+01
7.012445264743399775e+01	1.547208730480270056e+01
7.676734271749554139e+00	9.215304285313051125e+00
2.407590449020282364e+01	1.207807192823501552e+01
2.634597889247910629e+01	1.235163223922040743e+01
3.790737540745638512e+01	1.386221272531455107e+01
4.567852935280233595e+01	1.473605920256519930e+01
7.445483504964872168e+01	1.734286383747413396e+01
8.307523006245399699e+01	1.651300100472612087e+01
8.043234455714053865e+01	1.613612907922873418e+01
8.789307663277678273e+01	1.685725001386885680e+01
6.235184789373194292e+01	1.515626825655312793e+01
4.790361960791141627e+01	1.518012513495071758e+01
4.854999432737659504e+01	1.469785989152262928e+01
7.319472668535026116e+01	1.586666372195104735e+01
1.043978532670025317e+01	1.027492695455292093e+01
9.661357425432773027e+01	1.682405306470564454e+01
6.930594198687964536e+01	1.626344722953254518e+01
5.119080840586589431e+01	1.489780293552104773e+01
3.948871913158266267e+01	1.484315235534652011e+01
5.672100753599245593e+00	8.812585224189350086e+00
6.316563762310543950e+01	1.616683417755534791e+01
8.285822057822242925e+01	1.708220343712764588e+01
7.389646797807715473e+01	1.618923302870197745e+01
4.658038191254881610e+01	1.510128663030775620e+01
4.601725807650738176e+01	1.381480360453828560e+01
2.821078117820889020e+01	1.310473936475127665e+01
8.922690552188562663e+01	1.645326882922226375e+01
8.558766952632964831e+00	9.101109085168159751e+00
1.761280987652956753e+01	1.299112150516257458e+01
2.469987272688909030e+01	1.238805512737349623e+01
2.207224827083244278e+01	1.236045121891831577e+01
3.233766229534589343e+01	1.330753247641848702e+01
1.405585872167196015e+01	1.184181370655911358e+01
8.623182154568435465e+01	1.656692311093971171e+01
4.414093854872160705e+01	1.550168572265474687e+01
8.319707715607250975e+01	1.571551444103660344e+01
8.556391300748308026e+01	1.652355620729634822e+01
4.352114179062569121e+01	1.536131067542185669e+01
8.213618361964824999e+01	1.651311173241441210e+01
9.553696244963745698e+01	1.714915032272889306e+01
5.013657245894316361e+01	1.489714692273478747e+01
3.174089310114599982e+01	1.415376366905822181e+01
1.390975574884151378e+01	1.155303129851952804e+01
6.223656619378805033e+01	1.532423114009382026e+01
7.204932520011195152e+01	1.542147030803596053e+01
7.135754015538535100e+01	1.616071453665761126e+01
6.193935300490066709e+01	1.555826916437871965e+01
5.369126532279748432e+01	1.535543431123815239e+01
9.788036257958097508e+01	1.716141198370219456e+01
8.201995126087234667e+01	1.634467150176044470e+01
6.720433221601004092e+00	9.566417702905122056e+00
8.308651661621658491e+01	1.666390250436109710e+01
4.294949522402546016e+00	8.620294365277731075e+00
1.484386952235673363e+01	1.085139122645279564e+01
6.300404366683198987e+01	1.584317289250315319e+01
7.409834376160561931e+01	1.664333532799495075e+01
4.347394841686560341e+01	1.531801987151562550e+01
1.300118323062504899e+01	1.142189422782888819e+01
3.050787032741376414e+00	7.985267459710742699e+00
6.780898402964285765e+01	1.650494897638977321e+01
6.325768734690237949e+01	1.555074366431949073e+01
5.899415673899579815e+01	1.510906771711600527e+01
7.768919270526976106e+01	1.568273137204173118e+01
3.460922562006089009e+01	1.423964947064470010e+01
1.059267279641507820e+01	1.001624791325218489e+01
6.183561743678320255e+01	1.505953188204549065e+01
3.511972467846972989e+01	1.395114027270134827e+01
5.418115590147261429e+01	1.602344728406906071e+01
9.212925444931696006e+01	1.678368241680127682e+01
8.314949150360884289e+01	1.600104799282938828e+01
4.945183960681106328e+01	1.471988919413298369e+01
5.211513639644783780e+01	1.509626965572019408e+01
3.593653223620957959e+01	1.375592309693058723e+01
4.596058090007096553e+01	1.509081762358384005e+01
7.600805805288975137e+01	1.645232619324940515e+01
1.526509634938802229e+01	1.086760095762241285e+01
7.861208130509859870e+01	1.621009653695490726e+01
2.938245285502500437e+01	1.385646079469980485e+01
6.059085176950289764e+01	1.572639753789009021e+01
6.744558616189337386e+01	1.601070064921574954e+01
4.559122432966739069e+01	1.485449355300451302e+01
3.162667778571356436e+01	1.346763086807027143e+01
2.501507453717612250e+01	1.228220788983341905e+01
5.743312684587837680e+01	1.559167978858531711e+01
3.113206249848551366e+01	1.308880888818445065e+01
9.326006019829766558e+01	1.681131862861374060e+01
1.863684137566736254e+01	1.099674473383226747e+01
2.831138021982670949e+00	6.800104946408547235e+00
1.333419681701814064e+01	1.021009604787616531e+01
6.957181693388582744e+01	1.502421377144218795e+01
1.446785423885460808e+01	1.136140128934827409e+01
7.791795750358851080e+01	1.612418146326460544e+01
1.880265916480313493e+01	1.097107198797269234e+01
8.221021151405123817e+01	1.671822920258827949e+01
5.526964119508470219e+00	8.176006291816177551e+00
7.390589796391066102e+01	1.571440637695995335e+01
9.834927424643952421e+00	9.980343053152953559e+00
5.516665239101484985e+01	1.490418601385497688e+01
9.803293577419721316e+01	1.656267059722195967e+01
6.537253899746532682e+01	1.632111535465311647e+01
8.271592196384811757e+01	1.611362931369588836e+01
3.174404568798178516e+01	1.329082730425900394e+01
1.713405499758536621e+01	1.145519491663430145e+01
8.747560050845018509e+01	1.588856306155416931e+01
3.794378346834904647e+01	1.322834389053569737e+01
1.005407071112030621e+02	1.742161709287249494e+01
2.546912546765419805e+01	1.311074994460963516e+01
3.948155630646395053e+01	1.410420687304277187e+01
7.841746002585387032e+01	1.624155974226024313e+01
6.715122731640786924e+01	1.583465701602419351e+01
5.156285866748614666e+01	1.510174621741267487e+01
9.228051209121214526e+01	1.626120493587943372e+01
8.954327624514891681e+01	1.674111811251832904e+01
1.001258368315596954e+02	1.763718853025127231e+01
5.786248213223731085e+01	1.631752182899128201e+01
7.716044590381264356e+01	1.617505682688185686e+01
6.166689654844993385e+01	1.572199519193481621e+01
4.618450167763748482e+01	1.485975739239958493e+01
2.411798585626335978e+01	1.153902804919485803e+01
7.818818641086997445e+01	1.614291980511043079e+01
9.122881729473367329e+01	1.684565592364068465e+01
3.004439727597407739e+00	8.290459811021213099e+00
4.291894227390012162e+01	1.378716312605378036e+01
1.584905745840381464e+01	9.766682865736504127e+00
3.886788660976162646e+01	1.475285259644397406e+01
8.317731618720072717e+00	9.521772764032983005e+00
4.366915801060728342e+01	1.425049629903754145e+01
6.069895751105635284e+00	9.065561012644769434e+00
7.149207528797163036e+01	1.555211579583300185e+01
2.117249161806487479e+01	1.233277240710864220e+01
9.751474368938798420e+01	1.820615547733027029e+01
6.766512523308504612e+00	9.463784897294559073e+00
7.765746968558798358e+01	1.636410826791973605e+01
8.867943151025313497e+00	1.058803401112711207e+01
7.246165900146387173e+01	1.641824490581485563e+01
7.046178752417938540e+01	1.624326013120792211e+01
3.501130958656168701e+01	1.458015181007841221e+01
2.179025522238013224e+01	1.266726843927139967e+01
8.950935056640823007e+01	1.662499581049017294e+01
1.885090040459529348e+01	1.181253093911471375e+01
8.744378139712516429e+01	1.648054729716570321e+01
1.129170432844469119e+01	1.028120979768631749e+01
3.440297541737694331e+01	1.323875837768409980e+01
5.507355317823181196e+01	1.698870416297523178e+01
7.889950019748867760e+01	1.659940914515117427e+01
7.279079347554161927e+01	1.546122784690949636e+01
7.557498166794070471e+01	1.612868342175250191e+01
8.689472096521001276e+01	1.687716310464399072e+01
7.303058875380494896e+01	1.618858385166170066e+01
7.272865631079383775e+01	1.553755572340955382e+01
8.459982263311059114e+01	1.692819822362263693e+01
2.533530263647858938e+00	7.497609195280330319e+00
3.725383137839269665e+01	1.324887340897844723e+01
3.106941100055849603e+01	1.411934685245190835e+01
4.391373088899459987e+01	1.500219832199266889e+01
5.280388783718692736e+01	1.553659773695115831e+01
9.126750421987975415e+01	1.680067872557097175e+01
6.939744013104061082e+01	1.610036141045570091e+01
4.432210172649491398e+01	1.436455235197863267e+01
5.163337768332360866e+01	1.557835227148683899e+01
8.312179302541811410e+01	1.659794643222990018e+01
9.819106226430827178e+01	1.618826853161227675e+01
5.952092009713258136e+00	8.547729875285570600e+00
9.249342522353390450e+01	1.802319901676838754e+01
5.955660097933697017e+01	1.590624397155644232e+01
8.528500245988270478e+01	1.678505137497037580e+01
7.986364883626411881e+01	1.650626127292091994e+01
7.012743699927460739e+01	1.548851251931723105e+01
1.514501995663775702e+01	1.143573339715768888e+01
4.077652699381260959e+01	1.435393991911508316e+01
2.322472125097634077e+01	1.164066475225272335e+01
3.412843376179052424e+00	7.727554922106092405e+00
5.204417285223694023e+01	1.562767700057331766e+01
6.587981623703815615e+01	1.571400313923282788e+01
3.971124284213532007e+01	1.460589923095615639e+01
7.889839226944069139e+01	1.613766453220271302e+01
5.399009860529671556e+01	1.510597559282272329e+01
8.864155051788073081e+01	1.691590625197845199e+01
8.725217599485485209e+01	1.593294854027095120e+01
1.356623521209384453e+00	6.966724752792092801e+00
5.508101900973657905e+01	1.588143936005911527e+01
7.002234850254424714e+01	1.589324999400023408e+01
3.101111919738624323e+01	1.298640989207363106e+01
8.346780905236292369e+01	1.649160142579633970e+01
9.441852023419839668e+01	1.726425258272495000e+01
4.486950161111177238e+01	1.394833178908811888e+01
9.765746572353820909e+01	1.767365789127235232e+01
7.648523412307257274e+01	1.654097739547607659e+01
1.841934529886473992e+00	8.033597418720846761e+00
7.694551827851428527e+01	1.722666018540714461e+01
1.515296433303253743e+01	1.216769145501010208e+01
1.808375726939020112e+01	1.100931020235132962e+01
4.541857873143859337e+01	1.432604231763892422e+01
3.519615542407893116e+01	1.448502182409026595e+01
1.237392627630833575e+00	7.849960275823556266e+00
7.828538711293703045e+01	1.638980081596267269e+01
8.090640447814318748e+01	1.657976857611223309e+01
1.360071154242029579e+01	1.032861108995457933e+01
9.025585484431663019e+01	1.603511962492870069e+01
3.025837093925365195e+01	1.323349311307691778e+01
1.927405579927642520e+01	1.173623497184001963e+01
1.991864569528211959e+01	1.213263316975354300e+01
9.536999021413600985e+01	1.598620224141975754e+01
3.831897135321742809e+01	1.442320589342106096e+01
9.007640570018980952e+01	1.609106470251014187e+01
7.026316699802040944e+01	1.625579468979423226e+01
3.098533134550883616e+01	1.379690200476508366e+01
5.698299738336893228e+01	1.540058981130828109e+01
6.273357079687282578e+01	1.612203988175613745e+01
8.008380859698152676e+01	1.622932008614328225e+01
4.825564389461593606e+01	1.499444312760797438e+01
3.725227201407560074e+01	1.444259642281249789e+01
1.688900379225529713e+00	5.816051927613789196e+00
4.139639079156918910e+01	1.443885725507068507e+01
9.265195947938805432e+01	1.695041856624582977e+01
3.227974665701033530e+01	1.319394657785496427e+01
3.334634410903902335e+00	7.758578877252539918e+00
4.430114175549401523e+01	1.454247174003160126e+01
4.973521905392606612e+01	1.526408409973897662e+01
1.559697492402487029e+01	1.099958996081967300e+01
4.637058351284411373e+01	1.484588648388144883e+01
6.960763349859641380e+01	1.596251082094256191e+01
6.268485668588166249e+01	1.597693887468861540e+01
2.662782440053070587e+01	1.360056056509421474e+01
3.859450980298594658e+01	1.445339094657774304e+01
5.178557747418764734e+01	1.463252616295990904e+01
8.671649894299650896e+01	1.694188142864241442e+01
3.513193246296367533e+01	1.381043030603114552e+01
3.638636535618137913e+01	1.454286613076343571e+01
2.131350319011903238e+01	1.261708942752212081e+01
9.586601750973564151e+01	1.697336108374572206e+01
9.123148784284470025e+01	1.688772127554493352e+01
9.208384212563404958e+01	1.723569633193212880e+01
3.164915986663612202e+01	1.352635589737714916e+01
1.260966408092096636e+01	1.108549082596041835e+01
7.635819078768909662e+01	1.653615007925980507e+01
7.573298898847222915e+01	1.634250647455833771e+01
8.343604374351725639e+00	1.000965723128820173e+01
7.459772420605278853e+01	1.703980729078722689e+01
1.288146913300549024e+01	1.134039338715063927e+01
9.975193710486766463e+01	1.697698329768918057e+01
6.574492675919108464e+00	9.062694326178368343e+00
2.816860768573653573e+01	1.274076713032204822e+01
9.428313492193147738e+01	1.559764772974340197e+01
5.234749571247887445e+01	1.352140819687505413e+01
8.767265630206951244e+01	1.664374616469293855e+01
6.655668301893875594e+01	1.590552027911486555e+01
1.355005938120590336e+01	1.046078331218002511e+01
9.203471457407668765e+01	1.646281014196155468e+01
8.344089690266405057e+01	1.613033182178805092e+01
3.224375046244642817e+01	1.324105187954395113e+01
7.325437275123407233e+01	1.567035503100803240e+01
4.627607882748461776e+01	1.533947936813452628e+01
2.106403154894765350e+01	1.240580360188397790e+01
1.436855789955693652e+01	1.174798659616679330e+01
2.932727969761630504e+01	1.283461837311714149e+01
9.607176648743119074e+01	1.655325764631434637e+01
4.299170250771535251e+01	1.497840346149639501e+01
3.399879564894604300e+01	1.360526482335828469e+01
6.434500328956738713e+01	1.596086887229085782e+01
2.894957085201065894e+01	1.354926976075138967e+01
7.339636255510825436e+01	1.624605667469769443e+01
4.085016496751658366e+01	1.355424423056290095e+01
1.106923808670384624e+01	1.075437250573944326e+01
3.283295196961737616e+01	1.376032323504081845e+01
5.103566880139891992e+01	1.587043284092605688e+01
2.870089802246668764e+00	8.253283909335680235e+00
7.349013146189157908e+01	1.625615736645669784e+01
5.431493277932256802e+01	1.446249721402734956e+01
1.614695679288873364e+01	1.118475809143138022e+01
4.397362515735444788e+01	1.507853027959333225e+01
4.807916615349636658e+01	1.524124019514898976e+01
5.565884178865965737e+01	1.472284123321185234e+01
4.553667312688787661e+01	1.445430651131242250e+01
4.669045211953504193e+00	8.144758969560975004e+00
3.376333799688295301e+01	1.351418914538207972e+01
9.589024817364517617e+01	1.678065111622103700e+01
3.806338417196572976e+01	1.340466692790864123e+01
4.355294655450235553e+01	1.398307819267923158e+01
2.665443712871885040e+01	1.279448736695231048e+01
5.636729978431114318e+01	1.591144954850099147e+01
7.720825945633811216e+01	1.580398899552188752e+01
1.519690577894075645e+01	1.193776586899291559e+01
6.296595302820477968e+01	1.494666929452184512e+01
4.724237922515806787e+01	1.550041941300735893e+01
4.246864742543158400e+01	1.433638372555414620e+01
6.467350483877132206e+01	1.599153601389165402e+01
6.539872561844200050e+01	1.582873135140900622e+01
2.836884735898508225e+01	1.352582253729242545e+01
4.184644765966902469e+01	1.440916622252985491e+01
4.393370668586550210e+01	1.492351706060373573e+01
2.101472238069222698e+01	1.161665786218205199e+01
8.141495436990410894e+01	1.647333294352682742e+01
9.188739268074353106e+01	1.619264285621720489e+01
2.638873984154997387e+01	1.341583131847915489e+01
6.778474554564265020e+01	1.609924500925676583e+01
6.468287798169346559e+01	1.583986427188581203e+01
5.221336778527248157e+01	1.550478166240845646e+01
7.765614335373211929e+01	1.609797688497841861e+01
9.122522752289559378e+01	1.560172692952698981e+01
1.280106002139597443e+01	9.873205621830482670e+00
8.823111431406772454e+01	1.742203865006846186e+01
8.067504361250239242e+01	1.693228042079208251e+01
2.918597687171297395e+01	1.298763047010151972e+01
4.816609385391508624e+00	8.457845927820054399e+00
7.344257774996798105e+01	1.553084862007533218e+01
4.842029464213518253e+01	1.461636555144805172e+01
5.856252732345760847e+01	1.584570544173702622e+01
1.176678031607859864e+01	1.115284907108467927e+01
2.735793734585965531e+00	8.285361030469058363e+00
8.343067838549858095e+01	1.673282069080031320e+01
3.024587812256724462e+00	7.583308414543726172e+00
2.246715252473765645e+01	1.315904496464637852e+01
5.391296588289412028e+01	1.594530707297374761e+01
4.338783329935517941e+01	1.405266790671149835e+01
7.200961688135731897e+00	8.441435053687019519e+00
2.396564504025588249e+01	1.317463084913252658e+01
4.238566027276143444e+01	1.409070512477608972e+01
1.763310982179042696e+01	1.226961229616628479e+01
7.942426705560994549e+01	1.609353639489033938e+01
8.343218004387628639e+01	1.578272671232607038e+01
2.043239339543959865e+00	7.877484898855775519e+00
7.083022670802686882e+00	8.728932933482061785e+00
6.721584384426142833e+01	1.553137650975956774e+01
8.142720398700812723e+01	1.725268009099396593e+01
3.324459294172884771e+00	7.445787881416050524e+00
1.909126215219773925e+01	1.107068708820671965e+01
